9
345
273
105
726
203
1292
304
896
825
88
105
96
308
899
36
1085
2
891
324
108
372
936
231
42
1320
544
1258
204
48
338
126
48
720
592
12
484
115
306
12
551
24
576
975
150
504
572
36
348
88
392
264
806
150
288
1056
16
130
116
561
310
217
629
57
22
128
684
1260
336
775
888
221
378
96
627
728
819
490
414
551
462
377
884
84
960
80
828
720
189
160
1064
300
792
196
18
36
24
3
527
750
780
27
1122
48
616
800
273
372
496
117
1200
148
32
224
126
1080
143
64
247
1023
612
112
78
620
770
1404
208
247
58
232
72
703
182
360
726
84
360
456
576
54
480
224
85
238
176
24
90
256
76
51
253
156
96
80
84
180
510
100
253
24
703
216
208
128
39
1287
370
416
230
594
90
132
264
476
333
245
493
168
870
40
920
24
576
1292
600
546
770
26
1295
108
660
135
910
40
18
300
80
722
192
527
30
552
21
780
72
48
420
336
184
51
192
638
672
70
722
1024
875
10
255
481
406
22
580
117
10
1443
21
135
96
962
68
56
1160
391
759
175
126
384
1053
646
783
294
90
2
260
25
1088
288
130
960
135
522
240
840
261
24
464
377
40
851
322
425
702
403
175
220
1443
210
621
203
143
81
2
2
48
140
1287
910
342
370
300
306
60
480
108
180
104
52
57
176
338
592
576
44
240
840
42
400
546
783
1443
928
621
200
756
459
325
221
8
84
36
90
770
60
900
432
464
32
169
651
1014
810
1064
12
1054
289
629
928
945
299
108
442
407
1122
496
651
190
42
45
63
728
88
420
14
936
64
336
112
1400
448
777
375
180
476
660
81
81
486
1224
87
1400
190
1480
60
60
324
1200
434
96
1020
726
25
185
96
224
638
49
300
189
198
700
207
252
68
243
750
180
88
49
620
279
429
972
702
16
112
540
1000
1216
96
627
630
132
522
759
65
38
624
440
1073
828
210
48
899
357
99
36
392
299
432
1368
75
48
572
783
144
406
342
126
216
112
217
70
819
48
663
936
195
957
90
575
99
90
112
627
306
960
124
598
18
507
450
100
630
310
546
392
396
72
468
196
297
320
170
1116
165
120
88
464
456
32
600
462
455
38
36
66
72
180
56
99
819
42
78
17
120
48
440
208
456
30
1240
798
135
525
136
90
224
99
660
