64

5 40 30 16 25 25 28 36 14 12 8 22 29 32 35 7 16 39 17 34 8 8 28 17 2 37 16 17 3 24 39 40 24 21 15 40 37 2 35 10 5 34 23 33 26 18 32 33 8 40 26 15 7 14 24 9 2 39 25 37 14 16 36 29 
28 10 29 24 4 23 25 8 17 7 33 34 16 24 26 24 23 4 38 21 9 13 21 10 11 38 6 17 5 1 5 32 3 33 7 38 8 31 37 16 29 29 1 5 12 18 20 26 21 9 39 21 22 19 31 24 16 28 40 20 21 37 3 15 
21 9 12 28 31 8 35 12 29 27 16 40 5 27 18 17 35 16 38 16 26 28 40 2 7 31 13 19 27 16 33 8 16 36 27 39 36 22 10 24 8 17 15 4 3 32 21 37 39 18 5 25 37 36 18 35 26 30 14 5 37 38 12 5 
34 38 3 29 11 12 12 11 20 26 14 22 10 26 10 40 35 6 16 31 1 33 18 19 15 31 23 3 20 34 7 13 23 1 33 26 4 4 36 23 22 1 36 23 27 6 14 21 11 30 4 4 14 21 22 28 3 36 23 22 21 21 35 3 
22 19 28 17 15 15 40 28 8 35 10 34 32 15 6 35 4 1 30 10 21 11 29 15 38 11 37 18 32 23 12 5 1 32 21 7 6 12 34 13 39 35 38 30 10 36 24 5 36 5 14 9 15 3 15 4 5 3 21 36 25 25 32 18 
16 5 24 13 16 10 18 14 4 7 36 13 2 11 18 30 16 23 30 22 25 4 26 30 7 38 17 23 14 1 32 29 5 8 34 12 17 11 18 20 9 13 25 3 15 34 32 30 16 13 12 33 8 29 14 6 18 22 29 32 22 12 12 18 
19 5 30 27 7 39 39 16 11 23 18 17 8 1 7 15 5 10 39 12 30 12 18 7 34 38 38 7 9 2 25 20 6 6 6 13 4 36 20 6 10 29 22 17 21 20 24 25 29 22 36 18 34 5 17 19 34 6 17 3 7 1 14 13 
38 11 17 1 7 28 38 16 16 20 25 36 39 8 12 20 29 39 29 14 4 5 24 37 11 1 31 17 33 36 21 31 39 37 23 37 16 13 12 31 24 28 18 14 35 29 33 16 20 22 21 23 26 5 11 28 37 34 5 29 21 25 11 19 
14 26 15 29 30 19 12 13 6 21 26 33 10 19 40 21 32 20 35 9 16 5 37 12 30 1 33 11 17 35 21 30 12 36 11 1 14 22 5 11 2 31 35 3 1 34 15 32 6 9 40 21 6 28 25 35 28 9 37 37 3 18 18 15 
13 28 7 18 1 12 20 35 34 15 29 34 40 4 17 5 12 8 18 17 36 34 4 15 2 40 11 4 9 29 10 13 16 9 30 9 20 2 35 5 16 23 38 7 18 6 4 30 5 21 38 40 14 1 15 7 33 17 10 1 5 12 14 13 
20 35 21 31 36 15 35 3 29 24 10 7 21 13 28 25 25 25 25 30 18 31 36 10 7 37 2 4 8 15 16 19 10 28 9 5 34 35 40 22 18 9 28 38 13 7 15 37 32 39 18 9 21 5 10 27 1 11 22 9 18 37 19 27 
24 28 23 17 14 22 31 24 22 10 13 34 17 27 22 40 25 39 8 37 3 9 16 36 11 37 36 28 34 14 14 9 33 29 18 7 10 8 30 24 9 2 17 25 29 39 24 5 29 23 2 24 23 17 19 34 13 14 21 38 27 27 39 20 
15 16 18 16 15 7 39 23 8 8 40 28 38 23 25 18 38 26 1 20 34 11 13 38 24 26 28 3 12 26 14 18 1 31 33 7 29 24 29 28 23 20 16 20 3 40 37 40 17 30 11 2 40 24 31 16 9 18 10 12 3 15 29 35 
5 13 33 25 28 14 12 10 33 27 21 27 18 10 18 26 39 29 27 30 4 10 37 12 27 6 15 22 20 3 8 16 7 1 40 27 6 12 36 38 30 9 25 40 18 2 25 8 30 4 37 33 13 26 36 31 31 2 12 3 36 12 10 3 
4 2 29 9 13 16 38 34 24 22 33 33 16 10 40 37 5 29 30 17 6 17 7 36 19 11 30 14 14 32 8 17 33 28 17 37 4 14 30 19 28 15 4 3 24 35 39 28 15 20 36 20 37 34 16 7 36 37 12 9 28 20 17 20 
7 25 16 2 39 38 21 26 12 16 28 27 10 18 6 25 38 33 4 26 26 11 24 14 8 35 14 27 6 31 7 5 15 14 6 5 11 18 22 14 33 1 32 35 19 29 19 8 21 22 25 39 33 8 12 32 34 17 18 40 39 16 36 6 
22 1 10 24 11 32 30 35 32 21 29 2 10 7 9 22 21 33 20 5 40 23 28 26 40 5 17 38 13 12 3 26 4 5 9 14 36 38 1 19 11 29 21 12 28 21 33 40 14 5 4 5 19 31 30 18 27 38 8 31 9 2 16 13 
6 17 18 33 6 18 4 8 39 16 19 18 36 4 17 1 40 12 38 18 34 19 28 12 17 35 35 25 28 2 29 26 18 39 10 16 8 13 23 6 20 34 15 16 37 23 8 28 34 5 5 19 24 32 23 40 18 17 16 38 18 5 23 28 
3 24 35 10 29 9 8 8 2 14 15 30 37 23 17 22 19 14 33 2 5 15 33 15 31 9 12 40 5 26 19 39 9 5 40 37 14 39 37 15 13 11 37 9 25 13 22 4 26 14 5 23 28 30 29 10 38 32 2 34 17 12 32 17 
17 23 6 30 22 2 36 34 4 32 34 29 37 15 24 14 29 20 36 16 9 16 18 6 7 19 39 15 30 22 32 38 5 37 27 26 30 23 11 25 14 4 5 2 10 28 16 38 8 11 6 16 19 23 14 25 33 12 40 14 26 31 12 22 
19 38 7 40 12 9 16 18 4 21 19 13 8 34 3 15 37 8 23 15 22 36 39 6 39 30 11 24 12 22 5 22 12 3 21 15 11 37 32 6 9 3 19 16 36 13 23 24 20 5 38 33 40 29 30 30 10 40 14 22 14 10 3 25 
5 16 31 7 4 23 13 12 25 23 27 12 35 9 36 14 5 25 38 36 5 19 26 15 18 39 36 31 40 38 7 4 5 38 11 8 12 23 19 28 5 6 31 39 6 26 4 3 3 33 38 7 11 23 13 20 13 8 3 13 38 1 8 2 
30 18 10 33 32 20 20 28 17 11 18 23 28 13 25 22 5 14 21 7 37 33 19 9 1 13 13 30 13 21 31 35 38 32 27 22 12 39 9 28 1 27 2 20 31 18 2 36 32 22 34 28 14 4 28 6 16 1 35 29 21 18 15 10 
1 1 31 4 39 32 24 39 18 25 19 8 35 12 35 26 33 21 5 38 24 24 36 40 24 22 20 4 31 34 6 32 26 36 35 17 27 18 7 36 35 17 36 21 28 22 6 12 2 2 2 18 25 37 17 1 18 28 36 9 13 1 32 38 
37 18 14 15 28 21 3 22 37 30 2 17 11 39 28 5 32 29 22 16 17 30 16 27 17 12 35 29 4 18 18 32 35 32 7 22 4 1 35 32 30 28 40 40 26 28 4 9 8 17 25 25 6 32 11 22 35 37 2 31 14 20 22 40 
3 20 14 38 20 8 29 9 36 21 1 13 8 36 22 7 13 38 23 18 21 33 32 8 21 33 38 26 12 19 18 14 39 31 11 10 38 32 11 33 12 11 38 11 38 19 9 2 8 32 12 28 16 3 35 37 35 32 14 39 3 31 4 1 
21 7 2 11 38 12 35 1 14 32 3 12 2 11 5 9 2 16 37 10 18 23 38 5 15 11 35 17 34 38 9 6 4 10 16 33 22 11 25 27 2 27 30 4 38 35 4 31 10 40 40 20 23 37 16 29 40 10 37 33 39 5 38 3 
6 6 27 19 16 12 6 9 38 35 4 27 29 8 10 31 7 9 10 21 38 17 9 29 26 5 21 16 1 10 10 7 7 37 25 22 40 22 31 29 17 26 16 37 33 17 27 32 17 28 12 14 4 13 34 21 9 6 37 2 8 38 8 14 
34 24 36 33 6 18 14 14 3 21 10 28 37 37 19 13 16 22 19 20 26 12 32 35 18 20 36 17 18 35 30 3 10 25 28 7 34 1 20 29 21 30 16 9 18 26 21 33 7 31 4 33 35 36 19 4 7 6 20 24 32 9 19 1 
26 6 8 11 38 19 39 18 8 6 26 17 31 38 10 30 21 5 14 15 32 24 18 39 29 37 14 20 37 32 12 22 29 11 25 26 30 23 35 29 21 12 6 3 2 7 32 22 11 37 36 3 20 5 33 8 33 38 19 29 22 23 3 10 
33 27 28 14 1 14 3 13 18 8 16 19 6 39 40 8 36 27 10 15 31 34 15 15 32 25 3 5 7 37 14 32 15 33 5 16 39 7 28 16 6 35 34 3 34 25 11 21 3 12 35 33 6 1 39 29 18 33 33 24 30 38 7 4 
23 12 11 21 10 31 36 8 17 21 10 10 5 20 30 7 24 17 31 29 9 29 9 26 21 33 2 2 22 8 38 4 11 40 24 13 22 11 20 39 31 21 8 27 33 30 33 16 6 15 36 6 35 36 32 8 28 25 9 9 32 38 5 35 
38 28 7 19 31 18 17 13 38 17 40 30 6 24 37 3 39 32 8 25 27 31 32 6 15 33 15 39 22 19 25 19 38 31 30 28 8 38 33 37 6 32 19 3 15 15 5 5 39 5 22 25 27 13 31 34 37 37 24 19 7 8 29 36 
30 10 24 29 40 8 25 5 39 35 40 5 10 36 2 8 32 23 24 19 27 6 4 24 34 27 34 40 26 14 36 15 16 11 3 15 18 19 11 16 14 10 12 15 6 13 22 37 35 37 7 22 3 10 37 36 28 30 28 13 35 23 27 10 
25 21 24 2 32 27 9 5 36 20 19 1 33 32 30 19 20 36 40 22 6 28 10 33 17 37 38 4 11 24 13 35 37 29 28 28 15 36 24 2 7 34 35 39 17 24 18 36 11 9 10 8 37 11 33 5 7 30 8 9 5 13 35 1 
33 22 20 7 17 3 40 23 28 34 14 4 9 23 40 20 23 1 27 11 11 19 16 9 40 15 17 5 19 11 37 11 24 9 9 40 3 9 14 31 34 19 34 3 33 25 14 16 25 32 18 27 3 33 35 2 40 3 38 10 5 35 21 28 
3 21 19 37 29 33 27 15 3 21 9 28 37 22 35 14 13 12 40 15 37 35 17 36 37 14 5 2 40 17 29 34 38 8 31 18 32 9 32 26 29 40 13 18 21 7 31 26 19 30 40 15 24 8 10 13 14 6 6 5 23 34 31 12 
33 21 29 16 29 21 2 10 12 14 27 25 21 9 10 31 38 1 5 14 9 6 18 14 11 23 18 25 8 8 36 1 20 17 16 1 29 9 2 40 23 20 16 35 28 25 25 17 18 29 30 18 26 7 31 28 29 40 13 37 8 40 29 19 
16 36 19 4 5 20 36 19 39 11 5 18 36 29 35 13 9 16 30 26 15 12 13 3 11 25 31 10 17 11 29 32 7 39 28 3 19 23 13 9 33 17 19 28 37 13 32 37 28 13 22 34 16 34 37 27 11 19 36 27 22 24 10 20 
23 37 22 33 19 34 33 12 2 11 31 38 15 15 26 35 19 7 28 35 32 16 21 34 27 8 20 8 24 22 27 6 18 8 30 29 33 14 32 26 25 14 15 31 28 40 25 39 38 5 33 29 20 5 23 6 12 34 13 35 15 31 32 25 
30 13 5 22 27 36 39 3 9 13 33 29 4 10 27 1 14 11 22 33 15 36 31 18 21 35 5 28 26 28 4 15 33 8 29 19 3 19 21 11 32 5 39 27 14 17 20 19 27 33 4 33 28 34 3 40 20 7 27 5 26 30 12 18 
37 32 28 31 10 40 34 33 5 32 20 10 1 39 29 19 31 24 12 10 9 14 1 28 12 20 25 37 1 36 7 38 27 34 20 28 34 13 21 30 37 40 31 37 30 11 15 12 34 18 13 2 31 13 30 2 32 14 31 25 1 37 14 19 
22 33 6 7 6 26 36 2 17 27 30 6 37 4 17 31 14 21 24 4 34 5 38 17 18 20 1 10 8 14 20 29 7 26 36 4 3 23 37 20 1 26 17 38 21 34 20 34 14 35 30 39 40 27 8 17 6 40 19 13 14 38 33 12 
15 20 7 18 3 3 29 3 28 5 32 40 30 3 34 36 38 23 34 37 1 33 5 38 33 23 2 6 13 34 9 27 14 15 36 8 9 16 2 28 21 26 27 10 28 12 5 25 34 31 13 26 23 18 23 15 32 24 12 4 10 12 23 15 
26 10 22 26 26 15 13 6 40 40 7 28 11 4 4 37 34 17 14 8 34 37 15 25 12 26 21 21 38 35 35 15 4 16 1 21 23 5 18 22 4 25 1 7 28 5 35 13 13 8 12 6 36 26 22 8 12 34 28 1 28 23 7 24 
30 39 4 12 4 22 34 7 38 26 5 17 30 31 21 2 39 32 39 26 18 13 33 21 6 21 13 26 35 19 9 24 18 4 28 21 25 13 19 14 38 16 30 20 6 2 21 4 34 12 30 3 24 14 23 29 26 35 14 20 5 14 36 22 
18 23 34 34 35 13 40 24 28 21 3 33 23 16 29 16 27 10 18 10 15 32 30 1 18 36 20 14 9 15 36 18 29 29 4 15 33 3 39 12 23 1 5 5 16 25 12 34 26 21 3 40 4 25 32 13 20 12 27 20 18 22 30 39 
2 33 13 27 27 11 38 1 4 34 6 11 18 9 5 35 30 39 27 25 23 18 38 34 21 24 6 31 37 27 29 30 19 1 16 37 4 14 37 7 7 34 17 17 3 13 3 24 12 29 8 26 39 5 12 19 20 9 9 16 35 29 6 5 
30 21 1 33 26 37 31 25 23 39 1 17 12 3 40 15 24 39 32 14 4 3 32 23 3 33 31 37 21 36 1 2 8 1 34 34 30 24 10 12 23 10 28 26 4 19 32 19 17 23 32 12 18 16 35 20 40 25 17 12 12 17 14 11 
10 39 36 39 15 5 2 29 6 21 14 10 31 5 20 7 19 12 19 36 19 5 8 18 21 24 29 24 32 34 34 1 33 30 31 39 34 24 27 40 4 32 1 34 28 20 33 6 23 11 34 1 7 1 18 27 16 39 10 39 32 3 40 16 
24 22 14 10 38 32 1 33 23 1 27 10 12 11 8 35 13 1 27 19 33 37 37 8 35 6 6 18 40 37 26 16 11 31 25 8 23 25 40 37 17 18 39 20 28 6 6 32 6 33 10 30 29 6 37 15 3 34 32 35 23 9 10 33 
40 26 32 22 2 31 10 10 9 8 29 28 13 35 20 10 19 21 39 7 19 27 21 13 13 4 7 35 13 8 27 12 25 18 25 26 40 34 35 40 34 16 20 6 2 31 8 20 11 38 26 21 25 38 34 37 33 32 31 5 32 9 8 16 
18 24 2 17 10 28 9 3 3 28 8 4 18 7 15 20 5 40 1 29 29 26 17 22 17 39 18 8 39 26 16 16 1 17 24 10 36 24 12 31 11 12 26 20 18 1 32 22 32 32 2 21 9 10 34 25 8 3 25 38 28 40 13 29 
8 29 30 3 12 2 25 15 13 11 34 22 3 25 36 34 8 29 6 16 39 31 33 38 34 17 36 13 8 40 1 15 28 31 9 32 24 26 6 36 36 31 9 30 16 4 23 15 33 21 23 23 11 15 20 4 23 7 17 22 39 9 28 18 
31 28 9 14 13 14 1 40 37 2 29 4 5 12 18 37 32 40 11 34 6 23 38 20 29 6 33 19 6 20 37 37 8 5 2 20 11 35 20 7 36 8 10 40 11 27 29 34 19 31 28 16 13 17 28 34 14 20 12 19 32 8 15 39 
13 9 18 15 3 29 21 30 29 30 21 39 8 1 25 18 32 12 26 4 20 5 37 33 24 1 11 15 8 18 5 12 26 15 26 20 3 38 9 31 27 29 22 27 30 6 36 13 9 21 16 28 25 5 12 1 37 22 7 4 39 12 8 16 
26 33 35 20 31 3 3 9 24 24 27 5 21 23 17 29 35 24 8 12 20 11 12 16 24 10 12 15 13 19 30 38 11 17 10 33 11 12 2 34 27 28 38 7 2 6 27 37 22 26 8 1 36 11 9 19 20 20 33 33 38 15 22 40 
31 31 33 1 2 26 35 20 5 24 26 7 22 4 3 3 29 10 35 16 12 3 27 31 22 19 15 11 25 37 11 15 27 35 16 21 20 2 40 24 17 18 22 38 21 24 32 2 25 27 17 28 29 35 19 3 14 33 13 38 21 15 5 8 
9 20 20 28 21 11 4 37 20 25 27 1 1 18 34 17 4 2 5 25 37 15 27 2 39 31 31 20 6 35 19 6 14 38 26 26 40 29 15 20 5 1 12 37 18 5 14 14 6 10 38 2 24 16 35 22 38 26 33 35 20 11 1 34 
40 26 11 40 6 25 19 10 25 30 39 35 26 4 8 31 13 37 25 28 4 11 1 33 36 34 28 16 36 20 1 36 37 11 35 2 28 5 3 4 26 1 30 11 4 29 33 8 25 9 35 20 20 28 13 15 13 32 22 8 11 22 3 7 
25 29 8 4 33 2 7 18 3 29 20 38 17 13 6 34 21 32 13 32 19 17 39 23 8 20 31 18 34 25 16 10 14 15 13 6 17 11 16 11 39 35 8 16 7 13 1 20 37 13 3 7 22 1 30 29 21 12 39 6 36 14 15 9 
29 27 7 37 29 22 7 28 16 14 35 15 19 35 26 15 39 28 21 20 29 2 9 1 13 39 6 9 12 12 17 32 38 23 28 18 36 26 5 12 40 31 18 10 17 3 24 16 22 36 35 10 38 35 2 10 33 39 18 37 10 27 20 39 
1 40 17 37 25 13 40 16 4 17 25 20 11 8 35 32 4 22 34 33 8 35 2 1 26 12 29 35 30 8 34 30 7 10 18 32 22 17 7 17 25 32 37 27 31 23 19 26 36 12 18 4 38 12 36 23 23 24 18 12 31 3 33 38 
4 11 29 17 19 27 34 36 10 22 22 1 36 40 18 32 3 36 35 1 7 30 23 21 13 32 32 3 26 16 32 29 26 12 6 5 39 39 40 40 12 21 40 7 13 18 38 15 5 24 15 3 5 30 23 17 13 6 12 39 21 35 19 7 

7 24 3 37 14 34 36 25 6 28 32 18 5 29 25 1 5 31 3 9 12 17 26 25 22 29 15 2 23 33 40 21 9 34 17 22 27 5 7 25 32 38 34 28 18 18 28 22 9 22 31 20 38 8 36 19 28 10 12 2 35 12 23 3 
37 31 24 24 35 30 40 26 19 33 13 29 11 32 2 19 13 24 30 2 31 26 20 10 27 24 12 21 35 26 23 23 16 7 6 11 28 5 28 39 38 33 19 40 16 20 10 21 36 39 22 18 16 2 28 3 25 39 23 11 16 38 33 31 
36 31 33 23 27 21 13 16 5 31 15 20 3 16 40 30 15 14 7 30 7 34 24 31 24 39 33 39 36 17 22 31 39 14 5 18 26 18 25 22 40 32 2 34 7 33 23 21 6 22 3 12 7 26 34 31 16 18 21 11 27 34 1 17 
8 6 26 25 15 11 7 14 2 40 40 40 24 14 21 22 35 15 25 2 32 11 24 8 28 4 18 6 30 11 15 29 8 40 13 22 10 11 27 3 10 26 3 26 40 15 7 34 29 31 27 12 1 10 19 21 6 29 18 35 31 32 23 38 
32 35 19 33 6 5 36 7 23 38 24 22 12 30 7 32 13 34 3 5 3 14 17 8 34 35 34 24 18 16 13 9 3 23 2 40 27 29 6 1 26 30 14 29 11 21 20 15 6 14 20 40 27 28 40 12 14 33 27 32 9 39 32 11 
21 25 10 40 13 7 40 30 28 14 18 39 26 37 5 31 3 16 30 29 4 21 33 17 14 19 40 22 18 32 24 30 8 33 29 13 31 21 2 19 26 12 9 11 8 13 33 2 29 14 31 24 35 23 40 40 33 40 21 10 23 4 32 22 
28 12 34 18 32 36 28 9 7 36 11 6 9 35 8 29 9 30 12 35 4 3 34 36 34 6 38 8 1 29 30 20 40 23 37 24 10 25 32 8 12 35 6 20 29 5 40 29 34 3 23 29 6 8 16 39 5 13 7 5 1 28 16 33 
2 13 16 12 29 39 11 40 33 16 12 22 20 3 10 5 6 25 25 11 24 1 1 21 13 39 25 6 26 1 38 28 5 5 31 25 35 1 24 20 9 27 1 28 30 2 25 27 18 9 29 34 9 29 14 14 20 30 19 37 22 8 16 26 
12 6 2 38 39 18 17 7 4 9 26 25 3 10 3 12 11 31 5 19 20 10 24 31 40 2 27 21 9 3 39 12 40 40 2 38 9 18 36 5 27 22 29 21 23 32 32 33 22 37 4 33 6 27 23 37 29 2 10 29 4 8 33 35 
39 34 25 8 11 20 12 29 33 32 9 16 15 33 8 29 29 11 21 26 38 36 15 18 37 24 38 32 31 30 18 21 23 2 20 26 22 31 6 6 15 15 21 29 39 21 17 27 31 30 4 20 17 18 29 5 1 27 28 23 16 5 36 31 
7 15 16 20 38 13 25 12 19 38 32 17 18 1 35 40 22 39 20 38 8 40 34 1 26 21 15 34 25 10 16 23 25 23 2 14 35 19 25 14 16 8 30 33 8 25 32 21 15 3 10 14 35 3 14 20 15 29 5 40 30 12 14 6 
34 8 19 29 26 3 34 1 3 15 25 2 31 8 23 5 11 32 19 5 27 24 16 1 4 13 32 34 24 6 39 10 5 18 30 30 12 23 22 6 37 38 8 28 5 22 24 7 13 34 3 31 18 19 24 21 23 15 6 38 12 37 7 16 
14 36 37 17 18 18 23 7 7 22 26 12 3 9 18 7 3 21 38 12 31 21 24 5 27 30 2 31 18 9 38 23 36 35 39 6 4 13 12 11 34 29 14 36 37 31 35 31 3 32 2 33 4 18 29 22 39 31 12 16 31 10 38 26 
36 36 23 31 1 26 33 26 14 6 14 3 37 8 33 31 31 27 16 26 4 4 7 34 34 11 9 16 12 6 34 7 33 16 29 25 34 22 11 7 27 24 9 15 23 34 6 13 12 21 38 7 16 4 40 2 6 8 17 17 5 10 15 37 
18 4 22 11 25 32 9 11 7 18 26 29 3 23 33 14 35 30 12 10 25 11 11 31 10 28 7 14 29 14 10 38 17 23 40 1 6 9 3 4 18 20 32 20 34 24 25 28 5 36 38 30 38 40 12 7 19 10 20 40 23 21 37 31 
4 37 23 1 37 26 5 14 37 36 25 31 12 9 18 8 36 7 29 33 7 40 31 25 2 10 24 16 30 13 7 25 1 29 26 37 6 30 10 3 17 26 33 20 26 2 28 21 9 16 5 7 8 27 23 1 36 7 16 17 19 22 34 19 
11 19 7 16 40 16 10 8 1 34 28 18 36 7 38 36 14 34 2 13 20 24 13 7 22 29 23 32 10 16 2 12 26 8 20 25 15 29 25 7 23 12 24 10 10 13 5 23 6 38 36 17 13 8 23 27 36 38 18 38 5 12 9 31 
19 28 7 26 9 31 32 31 34 8 40 3 20 36 18 18 33 5 26 37 12 1 23 40 38 1 29 34 12 29 16 22 9 23 7 17 5 31 39 31 38 38 25 9 25 2 18 17 6 4 13 10 4 28 1 33 20 29 26 23 17 2 4 25 
16 3 1 12 25 39 2 14 28 27 22 12 20 40 20 18 35 25 27 38 12 19 30 31 7 7 13 15 8 8 40 15 2 32 27 26 23 20 39 10 6 13 14 18 4 25 35 38 9 13 27 12 23 8 34 29 14 38 3 14 6 34 20 7 
18 6 25 40 26 15 1 23 27 14 32 22 39 18 11 39 22 37 11 4 36 4 24 2 2 19 7 39 4 26 37 21 24 21 20 1 28 21 15 6 26 7 28 16 16 30 15 38 27 17 33 14 20 9 15 13 27 13 3 30 39 40 3 22 
12 22 14 39 34 28 5 20 26 24 35 2 13 9 31 31 17 15 5 29 23 11 1 1 24 36 23 22 35 25 35 6 6 40 37 40 27 1 11 5 24 5 6 36 6 28 19 22 34 23 10 17 25 3 9 8 38 31 21 24 15 7 21 13 
6 17 4 33 17 14 37 32 18 34 20 15 13 38 37 6 12 38 14 36 32 23 36 21 5 16 4 12 15 25 24 20 1 27 4 10 32 32 33 9 17 12 16 21 1 4 27 4 1 32 32 25 6 27 5 11 34 1 22 8 25 37 20 17 
15 15 18 6 39 11 14 15 14 21 36 7 24 14 10 17 5 1 1 11 19 37 13 13 37 26 12 13 22 23 30 36 38 7 1 36 9 6 2 23 27 37 29 10 2 38 26 7 31 18 9 9 15 13 13 11 38 25 24 19 39 13 6 28 
11 6 23 20 11 17 2 29 5 22 39 7 19 16 5 9 34 5 10 8 17 22 10 14 38 33 24 37 37 29 24 40 34 39 19 36 15 12 25 19 33 15 17 3 30 21 4 15 25 13 22 33 26 32 6 24 16 21 12 13 9 35 12 34 
25 22 30 39 25 6 10 17 20 26 11 1 39 14 16 23 18 29 8 36 12 13 19 28 34 30 40 34 16 3 28 1 16 17 39 40 14 40 16 25 18 18 25 16 24 32 30 33 21 37 28 32 2 6 19 27 27 10 20 3 4 7 35 19 
15 25 18 28 25 25 12 2 3 37 9 18 20 30 10 40 27 38 24 20 35 34 6 22 4 25 16 39 24 10 18 38 34 27 26 10 4 29 3 6 17 11 23 37 1 24 36 19 21 11 30 16 5 35 29 40 11 36 38 34 5 7 32 30 
34 9 40 37 37 2 34 14 5 8 10 37 31 37 15 12 8 4 19 4 30 39 3 40 34 40 34 38 7 17 19 32 25 18 28 13 12 21 26 16 20 27 4 10 24 18 13 23 13 31 18 34 21 20 25 14 11 10 3 17 26 22 8 2 
31 27 15 34 39 32 1 18 19 4 20 34 13 32 8 25 15 25 10 35 4 35 9 14 4 3 23 22 16 22 23 7 9 29 40 39 21 1 17 39 4 36 32 17 19 31 33 33 15 35 20 18 29 20 23 24 22 5 5 38 19 20 36 19 
40 27 17 20 19 25 10 15 20 33 23 31 23 7 15 37 1 34 6 21 5 29 5 19 25 1 8 3 12 3 21 12 21 30 31 40 14 33 14 26 25 36 16 8 2 30 4 35 16 2 15 20 30 11 30 6 12 37 1 15 39 13 26 20 
2 9 11 16 1 24 33 25 11 8 24 4 29 20 38 36 21 13 8 2 15 37 7 26 34 7 33 24 20 18 35 13 26 5 20 18 28 12 35 30 11 18 34 32 37 31 27 9 35 26 10 2 15 9 27 8 15 11 23 26 29 18 31 6 
14 10 24 34 14 18 23 24 35 16 15 24 39 34 24 25 11 34 26 25 2 5 24 8 15 7 26 35 16 16 1 29 17 16 22 30 33 5 14 19 12 20 34 2 5 18 19 16 11 36 40 4 32 16 11 39 22 28 33 29 3 25 17 20 
40 39 9 24 35 14 3 38 26 28 32 30 5 10 37 7 37 29 2 29 4 5 19 17 32 11 5 35 28 21 6 27 11 6 11 37 20 5 27 5 32 18 26 29 19 23 35 15 11 37 35 14 1 13 30 32 16 26 18 3 6 15 29 9 
21 31 5 40 35 31 36 19 40 21 7 18 3 1 25 5 29 11 10 21 24 39 5 31 16 22 33 22 37 13 22 9 4 18 8 30 1 35 8 40 15 14 10 10 7 34 6 27 4 16 8 19 6 12 9 22 25 1 35 13 6 16 21 9 
33 20 38 33 14 38 25 21 3 34 22 9 27 27 28 22 2 35 1 8 6 9 21 22 2 15 35 7 30 15 7 14 27 36 39 40 33 23 12 28 16 33 36 2 12 23 15 13 9 15 12 6 16 32 28 9 6 22 15 27 28 13 33 14 
8 31 6 33 13 17 20 28 2 7 21 13 22 35 17 30 2 29 36 17 12 15 25 10 28 31 28 15 3 20 21 2 10 18 34 22 26 13 1 27 20 21 31 1 8 8 22 9 36 17 17 39 31 33 8 18 23 36 25 17 15 37 18 17 
6 4 30 31 16 31 10 27 3 40 19 2 7 1 10 34 9 18 25 40 10 32 9 32 19 25 40 34 13 10 2 18 13 31 9 20 13 10 7 8 9 17 9 8 17 11 33 26 28 17 17 38 9 17 29 27 34 21 12 6 30 13 16 2 
36 24 21 8 33 19 15 33 36 24 40 12 34 33 29 13 9 37 10 9 14 31 28 39 11 39 4 40 4 19 33 39 34 13 38 18 32 13 11 19 28 2 22 13 26 3 25 27 39 35 27 4 25 14 2 27 5 38 26 8 16 18 38 2 
22 35 11 5 39 21 23 26 15 37 38 40 39 23 18 37 9 5 1 25 18 34 11 14 31 36 13 39 5 10 32 26 37 2 23 35 15 5 21 29 1 18 20 31 32 30 28 40 34 20 24 3 5 26 17 36 13 29 26 17 31 17 35 27 
18 17 21 32 13 33 12 6 3 24 36 34 13 15 26 6 26 1 8 31 27 16 18 39 37 3 8 27 19 2 5 28 10 17 12 14 10 23 19 12 6 7 37 18 13 14 15 39 15 15 29 33 30 38 23 18 40 30 36 10 23 40 29 32 
9 40 38 18 15 16 21 12 14 9 30 27 23 36 17 29 10 37 21 32 34 3 9 25 25 37 34 7 36 14 39 36 14 36 5 20 3 25 31 9 26 20 27 8 8 3 28 17 39 8 8 24 2 9 8 26 5 33 33 32 6 23 28 11 
10 32 30 4 9 21 4 26 32 30 33 39 32 12 16 22 19 15 5 12 15 12 30 11 4 22 3 2 36 22 12 37 5 2 40 5 22 4 30 5 25 14 4 17 25 11 38 35 17 35 39 32 6 28 2 2 9 36 3 36 9 14 32 6 
7 23 10 20 18 32 25 3 37 28 11 22 30 8 8 6 34 6 29 32 33 23 33 33 10 27 28 19 32 11 16 39 34 25 10 3 8 34 5 5 13 15 18 34 15 17 40 8 23 20 39 7 2 23 40 4 9 19 14 1 30 29 31 15 
5 40 17 13 26 22 9 38 36 18 24 2 34 23 10 16 34 8 15 28 23 14 31 31 32 4 23 13 24 5 27 28 37 4 32 22 25 40 11 12 17 34 14 3 8 15 10 2 14 24 29 36 37 11 27 21 6 1 33 29 6 20 16 2 
15 8 23 39 39 25 2 8 19 15 10 18 21 19 19 35 3 39 30 31 9 8 11 14 9 36 2 14 7 10 7 21 17 29 11 7 5 12 14 15 19 23 33 39 34 11 25 36 2 15 18 2 22 21 8 30 16 1 35 14 10 1 26 18 
21 36 25 26 39 38 40 9 13 24 40 6 27 24 33 28 38 2 29 12 22 36 33 29 37 28 2 38 20 19 16 1 14 40 18 5 29 9 13 33 33 12 30 19 36 22 38 25 24 26 28 37 14 21 26 2 40 19 31 19 38 6 11 3 
37 28 7 18 29 12 10 21 23 40 31 10 13 28 27 28 5 14 25 10 34 2 3 33 20 34 4 9 39 14 12 28 34 10 5 22 21 6 34 36 5 16 37 10 35 23 37 39 29 13 1 22 6 3 7 26 28 10 26 19 15 37 6 8 
39 2 21 19 7 14 14 12 29 11 13 15 25 1 14 13 14 6 27 19 40 33 36 28 34 22 38 8 10 3 16 8 4 28 19 10 2 24 13 22 34 25 37 11 18 2 23 31 39 9 1 38 33 29 17 26 2 14 26 3 8 33 3 11 
20 21 13 13 4 17 35 30 34 23 40 11 16 14 33 14 23 25 3 7 13 20 33 6 25 18 9 33 2 11 35 21 23 39 34 26 16 20 7 1 34 6 3 1 20 35 6 34 11 8 40 16 19 24 21 4 33 21 28 34 23 22 15 5 
21 40 23 28 11 29 20 4 27 22 4 6 8 9 31 10 8 30 25 27 14 38 22 6 10 9 40 33 30 6 29 2 37 11 21 7 32 40 10 10 13 5 7 12 5 37 22 12 26 6 30 31 35 11 29 5 19 20 37 1 25 17 2 21 
20 15 19 11 6 28 20 19 24 18 30 28 14 11 39 31 9 29 22 3 39 2 7 10 21 35 10 37 12 3 9 31 9 27 33 15 6 4 33 29 21 22 16 34 25 6 16 33 34 29 27 25 30 34 26 10 20 27 38 31 29 6 13 30 
32 5 4 29 40 36 17 20 9 32 5 25 30 21 17 15 1 36 39 31 21 16 32 40 2 30 23 23 27 35 12 11 32 15 39 31 2 16 3 10 39 39 27 28 19 35 3 12 30 33 2 10 1 25 10 2 6 24 16 25 10 27 35 1 
33 25 24 34 32 26 36 31 24 22 10 35 16 4 38 38 29 39 7 29 15 8 22 13 31 38 37 33 16 31 33 9 7 8 34 39 33 21 21 9 34 30 35 2 26 32 39 6 22 37 26 28 5 7 40 27 36 36 19 12 18 4 12 25 
11 37 23 36 10 3 36 3 24 22 36 1 13 34 6 26 23 23 13 19 30 5 5 17 40 16 28 10 11 31 34 13 28 8 8 37 10 3 31 25 24 27 18 28 12 15 5 34 38 10 12 27 14 9 35 5 16 23 14 26 5 7 38 24 
14 38 12 15 32 3 32 16 21 9 35 32 23 40 18 20 1 29 38 14 29 33 18 4 7 32 21 3 30 19 27 36 16 30 10 39 32 33 14 4 33 1 28 8 32 5 19 32 25 17 5 14 1 14 17 39 5 38 33 35 8 19 22 15 
9 31 13 32 16 19 28 8 19 15 15 10 11 34 33 35 2 29 8 34 2 17 24 7 14 16 33 21 27 14 27 27 36 39 10 3 17 37 11 27 3 17 28 13 2 20 8 35 8 7 20 10 23 3 8 36 19 32 8 37 5 34 23 32 
25 32 35 33 21 37 20 23 5 7 28 7 19 35 33 26 1 13 27 16 15 26 11 25 17 11 13 13 36 35 5 20 19 31 5 39 27 24 13 23 22 40 21 40 26 14 18 19 26 36 34 32 22 36 9 38 6 21 3 34 8 7 5 26 
29 9 16 7 32 20 29 6 20 10 5 37 15 22 15 32 10 8 23 31 4 23 20 1 4 22 26 11 20 31 28 8 31 35 6 15 14 35 20 33 36 24 30 10 38 36 33 7 4 15 29 39 30 8 31 33 22 17 35 1 39 22 1 29 
16 38 3 21 32 14 6 19 38 35 20 27 22 12 25 25 19 5 15 8 12 6 32 25 22 26 18 20 39 18 40 6 15 3 26 39 16 31 9 5 17 29 23 39 32 39 15 2 3 30 9 7 35 40 31 8 17 8 19 15 17 18 12 24 
12 38 14 20 28 22 16 37 2 39 35 34 29 1 35 32 30 36 30 16 27 20 23 4 20 1 10 28 19 22 11 30 19 24 9 38 6 25 34 39 15 20 24 3 21 11 26 2 6 15 18 32 27 32 27 38 33 37 25 3 18 28 24 28 
11 25 17 8 9 11 39 15 22 22 9 34 32 35 36 37 1 13 21 19 36 7 16 28 3 33 30 12 20 6 39 22 30 16 22 30 18 20 4 31 1 12 25 33 38 20 21 31 24 1 9 19 8 17 39 2 9 20 6 20 25 4 1 14 
11 14 3 20 33 38 11 34 2 27 18 31 38 38 21 13 39 22 23 38 38 21 31 38 33 36 9 17 32 9 23 34 23 17 14 7 15 16 40 16 2 17 38 39 7 19 11 37 40 33 34 29 6 16 18 38 4 26 14 35 26 28 28 8 
5 33 7 11 8 6 18 1 15 15 39 13 25 9 9 24 34 34 4 39 9 21 36 12 6 1 38 32 29 18 31 25 10 37 35 10 35 4 10 1 18 1 13 3 1 13 18 34 6 14 24 14 34 19 18 32 12 15 15 32 32 5 16 34 
34 2 35 20 5 4 12 14 36 16 8 37 28 18 22 33 31 6 38 24 24 15 7 27 30 21 18 13 26 25 38 11 26 32 22 22 36 33 28 23 8 35 19 27 12 1 19 2 6 8 18 21 23 24 8 4 5 17 8 22 2 6 24 19 
37 5 1 24 29 20 7 36 6 25 14 18 17 32 11 22 31 20 35 13 36 34 8 40 10 16 13 3 21 28 22 9 32 14 33 20 33 39 7 38 15 20 7 32 3 10 5 33 29 31 38 16 24 5 15 26 20 19 28 32 6 1 1 29 

