29702 30006 26345 33504 31623 31462 27859 28043 27616 32774 32081 27818 29526 28895 30578 32289 26213 31281 27294 28351 28821 26380 27639 31347 29989 30989 29304 33510 29694 23191 31944 31564 29591 30585 30438 30505 26628 27241 24417 24658 29881 30724 29924 29709 27252 27249 30985 31506 27391 30214 30979 28780 25508 28761 30841 28389 27383 31834 29685 29940 25277 27228 28561 27927 
24340 28062 22185 28903 29462 27803 23682 22224 20253 31887 30117 25421 25711 24340 27537 28580 22834 29362 21746 28186 23787 25371 26715 25371 23760 25469 26477 28167 27661 21052 28267 27575 26022 28544 26599 28567 22888 24156 22048 19205 25523 25857 26744 25431 22198 26053 29115 29044 23832 26215 27093 25761 21518 24565 28532 26849 24385 29183 22890 26458 23627 25005 26303 24773 
27908 31568 24973 32562 31558 29632 28155 25213 25402 33288 33670 25177 29262 30034 29754 32514 23617 33472 23402 29714 26548 28408 27494 27426 29168 28802 31586 30256 29157 23380 33518 28849 28830 31455 28968 34376 27707 28019 25377 21595 28371 29466 29565 26093 23993 28348 30748 31831 28685 29366 29608 29429 25468 25496 30381 29874 26085 32030 27772 31116 25490 27489 28223 27436 
21450 27672 22226 28292 26381 25247 23754 22920 21563 28228 28747 24122 25756 24833 25992 27791 22651 26191 22246 23701 25311 24831 23729 24500 26685 24610 24443 26151 26054 19734 28055 25484 22839 26747 24178 26707 22795 24985 22192 19782 24445 25631 26093 24822 22656 22310 24888 26820 23230 26068 25989 26528 22414 23554 26017 22515 23927 25800 23947 26318 21855 23699 25025 23897 
25548 27850 25276 28193 27655 26743 23006 22461 23101 30265 26834 24069 27238 25781 24722 27406 21586 26159 22983 27171 25306 25399 24617 27087 26495 26423 28220 25351 27606 19396 29989 26553 26823 26313 28935 28039 24045 25466 22731 21529 23661 28060 25491 25531 23204 24386 28871 29062 24973 25216 24954 27712 22236 22742 27806 22884 22806 26699 22945 24812 23228 24705 26522 23419 
22773 25774 19880 25623 27182 23955 20974 22512 21909 27231 27460 23209 24192 23938 25128 27019 21680 25565 21013 24799 22362 22836 23105 22768 23941 25250 24296 25936 24532 19214 26222 25274 23198 25313 24254 27494 22093 22596 20230 19323 23774 23335 25890 20810 20530 22606 26123 25467 22894 22395 24028 24304 21405 21557 24333 24656 22221 27008 23270 24500 20381 23245 21139 21160 
23465 23574 21113 27171 26969 24135 21998 19952 21044 27382 24253 22128 23193 23995 22626 25803 19523 23599 20957 25549 21820 22883 22449 23271 24079 24290 25445 25876 22675 19555 25687 23527 24017 24937 24101 25499 19953 22552 20249 18767 23088 24173 21960 23245 20549 23204 26348 25426 23249 23006 24464 24386 19521 20500 25267 24151 21484 25321 22722 21335 20171 21331 22878 21230 
28949 31308 26249 32836 32222 31520 29504 26523 26241 32370 32837 26148 28937 28959 29806 31329 24187 29554 25304 29831 26568 28895 28193 30794 30866 30454 32494 31166 30573 24980 33293 28721 29147 31614 30287 32752 25932 27884 26133 26247 30952 32208 30789 27168 27727 28732 32490 31454 27898 29326 28233 31324 25552 26289 31228 28822 27407 30610 26503 28137 27380 25891 27359 25506 
26817 27740 22712 27929 29619 25915 26108 24445 23275 29752 29414 25110 28053 26740 28381 28998 22050 27872 22368 25110 24125 25412 24539 25484 26067 26591 28117 27204 27991 21936 28739 27161 26914 27038 26928 31850 24352 26150 22175 22284 26519 28622 27455 24200 24760 26675 26965 26649 23750 27600 26115 25361 22589 22680 28036 25021 23144 28678 23968 27788 22983 25219 25698 23756 
20093 22198 18612 25816 25692 24441 22015 20573 19452 25164 24485 20554 21030 20648 22917 23328 19723 25125 19833 22113 22489 20795 22073 21037 22558 22987 22014 24889 22702 18479 26869 22132 22132 24015 24822 23174 20611 20912 19649 16776 24066 22877 22003 22762 19958 22480 24544 22513 20943 24565 23147 24500 19159 20579 23036 20737 22857 24562 21852 23481 20000 21035 23277 21027 
25793 29266 24081 29659 29110 28738 24686 24098 23379 31977 32404 25188 26338 27912 27421 29563 24059 30451 21817 26588 26290 25436 26554 26554 27962 26455 25541 29583 26544 22036 29392 28979 27380 28947 27323 28598 24296 25245 23569 20526 27117 27199 27150 27492 23229 24912 27799 30836 26002 27878 29342 26140 23764 25916 27054 26325 25021 29489 27992 28295 23679 24700 28388 27223 
29049 31159 27100 33644 31598 29841 27808 25052 24470 30948 31724 27713 28785 29488 29083 32097 24854 30220 25703 28023 28214 27575 25075 29780 29415 28889 30164 30270 30274 23356 32218 29200 28585 31645 28901 31599 26144 28427 26086 26106 28580 31281 30430 27108 26207 26331 29607 32125 26721 27484 28239 30606 25129 26775 29393 28437 26570 29438 26609 30177 25141 25983 26455 28606 
26870 29229 26034 30676 28949 26621 25919 24325 23860 31143 33044 23742 27946 27413 28943 30854 22445 30031 23701 25917 27341 25389 24768 26585 29817 30219 28189 29406 27872 22152 31292 29018 29671 29689 29814 29912 25111 26209 24799 22653 28414 27885 27795 26912 25444 24714 28232 31692 27575 26681 27535 28308 24248 25009 26126 26501 25062 30512 26529 29976 22679 25908 27104 26591 
24677 27790 23779 30133 30538 26988 22782 22158 21286 27828 28718 25280 26193 25931 25569 29196 21427 28676 23017 29234 23554 25719 25816 24713 27438 27067 28015 27791 26263 21134 27685 25827 25143 27903 24317 28056 22162 26385 22989 19568 27619 27865 28288 23845 22597 25077 27768 29069 24806 27373 25637 28793 21404 23470 25736 27304 24511 29240 24586 27532 22318 25492 25598 24710 
27432 28178 24806 30737 31235 29473 26708 24962 25199 31845 31206 26509 26644 27169 28213 29564 25315 28410 25091 29232 26849 27662 27005 30014 28839 29431 31202 29474 30015 22900 31467 28187 26957 30171 29037 31279 24253 27307 26237 22846 28594 28994 29069 26212 27372 27071 30598 31800 26723 27386 25981 30767 23170 27230 28442 27021 25667 28649 26167 29028 24820 27303 27474 25299 
26021 29317 23968 30264 30115 27351 26466 24089 24723 29466 28841 26239 28336 27294 27306 32426 22490 28087 23264 27461 25603 25032 24158 25620 27329 28915 28290 28540 28097 23175 30118 26387 26432 26507 26590 29639 25210 25562 24446 23167 26875 28724 28506 27639 24652 25460 28769 27845 25895 26554 26613 28475 23116 24312 28016 25949 24793 29081 25735 29289 22863 22720 25691 25046 
23630 27988 21050 27432 29775 25201 23685 24099 25543 28231 30019 23543 25628 26144 25319 27660 20882 24670 20808 27011 22808 24893 24830 25291 27463 27355 26976 26300 25339 20879 31032 25483 25670 28294 25736 30308 23469 24588 22030 21276 24995 25200 25636 24557 25484 24191 28715 28559 25267 24836 25419 25547 21240 22314 25285 25680 23703 26721 23627 25064 22290 21632 25200 22990 
26336 28910 24342 31999 31501 27800 25326 22872 22938 30685 30323 26012 27059 27807 28493 29908 22556 28353 23720 26634 26782 27223 24612 25681 26716 27347 26714 28774 28443 21461 29710 27008 28339 30540 26888 30582 25342 26666 23161 22354 26260 26706 27241 26526 23702 27864 28923 30678 24712 28757 28447 27829 22162 24046 28932 26775 26217 30286 24617 28784 24027 23308 26065 25462 
26016 30207 23686 28409 29130 25650 24877 23229 23643 28692 28746 24941 26067 26936 27178 29492 22606 25461 23115 28376 23464 26894 24455 25527 28284 27726 28021 28921 26927 20442 30376 24985 26236 25741 26300 29964 24863 25453 22435 22881 25563 27810 27820 25699 24093 26369 29263 27914 24446 27613 25879 28153 22820 23371 29043 25851 24996 28395 25787 25550 22950 25198 25892 24305 
27276 28955 24858 28610 30162 27687 26135 25820 22533 31732 31872 26105 27533 28102 28384 30250 22802 31264 23523 26251 25317 26292 25311 25264 27708 27261 27229 28869 26704 22305 30032 28480 26505 28940 28447 30919 25785 24732 25316 22316 26783 28097 27417 24871 25351 25197 29304 30657 25291 27779 28144 28182 23261 23718 27993 28030 24315 31840 24690 29002 24935 25702 27016 25255 
25176 29608 21606 30409 30799 26729 25468 24098 22261 30765 29505 23811 27184 26558 27466 29749 22315 27626 22085 26386 25313 26291 24627 25261 28120 27032 25792 27430 26388 22067 29920 23926 25444 25399 26047 30820 24446 24970 21799 21825 25980 26882 27148 26770 23950 26783 26174 28975 26483 28350 27158 25713 20871 21952 27601 24354 25357 28651 25535 26588 22342 23737 25974 25388 
23625 23987 22145 27216 28395 26411 21109 21554 19333 26144 26246 23418 24768 26999 23829 27736 18684 26940 21459 24766 23811 23668 21282 25645 23790 25760 23207 25767 24189 18650 26804 26572 25931 25953 25310 25443 20391 22609 22369 20574 23606 26362 26796 24800 22236 24605 25787 27870 23367 24864 22260 23265 19898 22645 24430 24174 20601 25318 22125 26699 22854 22213 26112 21707 
24982 29482 22583 31457 30081 29463 27872 24945 23596 31281 30091 26296 25259 26509 29239 28824 22414 30616 22972 27748 24500 25481 25132 24812 26271 28147 27816 29099 27692 21950 30256 26517 25110 30486 27367 30582 24546 23389 22736 22974 25784 27562 27235 26018 23900 26903 29533 28609 24941 27037 27393 26707 21981 24032 28100 25338 26709 29297 26323 27040 25329 25061 28441 24001 
27086 32363 26334 31535 32682 27870 25697 28292 26073 32857 33396 27095 29275 28556 28484 32875 25163 30553 24031 27283 27077 27522 25516 28026 30540 32051 29169 29632 30198 24416 32661 30377 29584 29390 29595 32907 27213 28967 24777 23770 29719 29139 29007 26166 26491 26650 31085 29552 26553 28668 28432 30352 23576 26705 28474 27720 27312 31801 27987 30055 24742 25620 29776 26486 
28215 30597 24294 34160 32201 30178 27300 27009 25747 30522 30876 28198 28498 29996 29037 30303 25365 29637 24520 28933 27528 25753 25597 30997 28733 30467 29496 28570 31567 24283 31754 28645 27475 30395 28463 32143 27213 28578 24564 23481 29344 30222 29947 27726 27369 27975 29972 30376 24471 31753 30441 29808 24424 26236 30350 27370 26446 27912 28367 29861 23972 24699 27918 26442 
26822 30895 24868 31120 30979 28593 27795 24243 24465 29288 30663 25210 28095 29345 28566 31452 23244 28239 21377 27470 25593 24982 24896 28683 28381 27438 28952 29770 27668 22291 31545 27443 27756 29346 27362 30898 24268 26438 24162 23869 26708 28964 27769 25395 26159 27232 29069 29313 25646 29017 27648 27349 22278 24654 27829 27322 24044 27610 26691 28221 23992 23877 26420 26877 
25876 27501 22798 28184 28093 27366 26990 23889 22997 29308 29114 24949 27228 29368 26796 30221 21296 26476 23861 26703 25854 25400 23999 27739 28266 27351 26793 26473 25642 22355 29807 26259 26702 28760 24992 30461 23403 26006 23799 22787 25064 27724 27805 24414 24748 24810 28156 27430 27068 25378 25542 28383 21952 22975 28245 24267 23122 28540 25142 25592 24335 24662 25824 21628 
23472 27126 23429 28332 26964 25408 21947 21978 21124 27161 29763 21958 24660 23358 25440 26431 20924 26593 20860 25025 23726 24398 24284 23474 25048 26195 25979 28631 25248 19217 26941 25557 24181 29590 26119 26810 22098 23125 20753 19461 25314 23457 25338 22412 23104 22603 26733 28289 23759 26117 23737 25821 21542 24190 23900 24622 24077 26084 24617 24865 22162 23199 25851 23189 
25784 29322 25850 30496 27499 27043 27593 25110 23537 29096 31901 24969 28456 28264 28743 29307 23274 28743 23387 24967 27455 25513 24798 26375 29528 30211 27776 28996 27933 22110 32190 29929 27296 29374 28586 29416 25155 24035 24528 22708 28710 27943 27808 24980 25319 25750 28127 29641 27430 28101 27049 27201 22530 23502 28689 25168 24930 30658 25728 27998 24888 25938 27258 24817 
25843 29878 23668 30774 29010 28496 26132 24316 23912 32068 30822 25785 27537 26078 28241 30846 22246 30381 21888 28515 24689 26525 25761 27106 28322 29154 29062 29676 27729 21602 31871 27484 27086 30319 29861 31625 23277 26530 22853 22220 27530 27820 27890 27077 24389 27382 28572 30404 26718 26625 27573 28738 24580 25442 28902 26322 25456 30139 26022 27055 24288 26526 28809 25983 
24917 29639 21706 30662 29763 29493 26240 25749 22674 30550 30870 23276 27960 25661 31249 28949 25033 29500 20609 27720 24717 24211 26703 28533 27003 27408 26563 29951 29475 22178 29666 27532 27032 28144 27316 28671 25468 25414 22860 22041 27497 26734 29332 25700 23826 27021 27938 26820 23995 29871 29109 25621 22677 24003 27906 25830 25649 27826 25627 26766 24132 24406 26870 24523 
25458 27672 22727 30760 28766 28033 25301 23507 23020 30539 30425 24923 28475 30256 25953 30453 22731 31071 24079 28093 25917 23899 27304 27682 25414 27888 27635 26059 27755 23056 29382 28114 26805 30604 28116 27694 24672 26062 23075 21677 27198 25894 29191 24209 23316 24177 27909 31299 26838 26737 28644 26779 23158 24279 26015 27946 22996 29681 26620 28498 22398 25508 27475 25608 
29433 33379 25518 37286 35027 32116 30603 26759 25767 34278 33350 29295 29608 30892 31333 34710 25201 33620 25173 31539 28224 30030 27053 29623 30978 30221 32834 31923 32262 26194 34550 28629 30981 32112 28724 35179 28553 31147 25390 26680 29651 32718 32551 29784 25257 31247 32305 30864 28161 31560 31780 31397 27515 27197 31836 29984 29452 32447 29412 31972 26876 27649 30279 30005 
27954 29793 24742 32664 29798 28456 25606 24809 24802 31002 30292 26826 27942 27253 29394 32777 24014 31134 22041 29148 24055 26936 25900 25978 30186 27671 29878 31806 27892 22020 31088 26850 28197 31343 27665 32090 26190 27917 25347 22415 26808 28390 27961 26916 24815 28493 28394 31390 25086 28635 29597 28363 25822 24227 29393 29169 24233 29653 25601 29360 23392 24677 26692 26974 
26299 30390 23696 33115 29508 28009 27215 24868 26062 31344 30886 24749 26455 28336 27613 29882 25220 28463 22969 28487 24890 26490 26048 29273 30555 28864 28201 31450 26887 21891 31121 28379 28781 29963 26824 29634 24544 27380 23711 22197 27709 28089 28460 26573 24849 27567 29241 30042 23118 27063 28221 27338 23863 26527 29756 26728 26010 27875 26668 26485 23114 25605 29765 25097 
24797 28351 23785 28233 29050 28048 25105 23739 23507 30354 27817 25088 25311 25377 26793 29586 23221 29564 22737 28249 24414 25196 25149 26136 26348 26842 28597 27048 27671 21116 28806 26810 26230 28575 27205 28130 24697 26576 22850 21633 25871 26076 26552 22331 23865 24775 29482 29271 23783 27208 28445 29285 22921 22034 27474 26268 25052 27729 26436 26062 22406 23809 25816 25009 
28431 29637 25852 32821 29582 29810 26442 25678 27006 32975 32338 26694 28956 27516 28897 29827 26491 31394 25436 30382 27514 26983 28127 28689 29851 29947 29416 30978 29989 23145 31906 29312 26089 32140 31633 30808 25571 27125 24497 21623 30158 28582 27278 27777 24429 27204 30074 31654 28097 30201 30742 30338 24465 26395 28710 26493 26290 32481 27779 27913 24663 27986 31159 26629 
24952 29357 23568 29088 28980 25145 25479 21269 24291 28927 28394 25827 26987 26321 27251 30202 20386 28829 23271 25388 24338 25275 25204 24230 24113 29199 27636 27652 28513 21972 29281 26176 25957 28489 26425 28318 24179 24677 20762 22341 26937 27468 27795 26092 23265 24792 27198 27773 23609 26951 25495 25668 24336 23718 26939 24741 23546 27526 25269 28262 22577 22928 25087 23871 
28312 31320 25424 32103 31796 30262 28117 25844 24368 30324 30907 27087 28341 29151 29518 30625 23065 31986 24909 27589 26205 25857 28415 27561 27827 28452 27721 29629 27632 22774 32070 28571 28943 30438 30877 29943 26465 26277 24096 23001 29361 28779 29265 26338 26169 27457 30795 31661 26258 29601 29718 28980 23910 26189 29522 28222 25762 30912 26199 28573 23879 25409 28283 26557 
29507 31274 27438 34632 33265 30292 28568 27042 27955 35657 34083 28336 31149 29701 31284 33968 25927 32656 26905 30476 28303 29243 29957 29705 30268 32392 31789 32688 31646 25091 35346 29938 29411 32549 32616 32500 28923 28502 25249 24382 30448 30104 30409 28624 27163 29542 31882 33566 30000 29949 30641 30967 27790 25996 30480 27369 29538 32641 28352 29986 27213 29960 29117 27232 
24891 28916 22863 31476 29215 27418 25978 24672 22825 29829 31105 24900 26543 27240 26933 30899 23206 30570 22186 27333 25499 26672 25391 24342 27178 26085 27215 27321 26938 23030 29953 26963 24583 28662 27074 29520 25372 25834 23613 22124 26774 27273 27270 25215 22645 25513 29470 29071 26412 27080 29169 29779 24963 24075 27475 28055 24989 28399 26088 28179 23898 24377 26135 25180 
27662 33493 26649 33119 31348 31662 28748 27390 26772 32912 32561 28083 29329 29789 29920 32470 26674 31608 25076 30640 26230 28544 27986 30016 28965 29745 32294 30951 31355 25019 32176 31150 29307 31099 30598 30090 28084 27494 25440 25438 29116 29367 28956 27840 28142 26548 32017 31428 27485 29444 32221 29503 26351 26229 31739 28019 25672 30927 29086 28688 26072 26134 30825 27724 
25680 30565 23234 30099 30374 27831 25659 23576 25012 31183 31515 25172 25664 26874 27327 30211 23436 28588 24564 28475 25759 24280 26586 25773 29685 28330 27273 28633 28163 23344 30388 27085 26690 29035 28187 31387 24071 24105 22958 21871 27628 28086 30124 27026 24955 25917 29673 29179 26747 26798 25487 26364 23707 25034 28180 25838 26596 29912 27280 26502 23306 23070 28462 26248 
22798 27325 22407 28274 28904 26423 24322 22262 22699 29009 29798 22981 25524 25070 27426 28059 24013 29408 22611 25778 24432 24542 26010 23420 25706 25629 26216 28652 26263 21159 30180 25210 25897 28360 26930 27404 23055 26619 24533 20123 27171 26125 27244 24425 23738 25166 28702 26974 23666 27264 27349 27324 21600 23005 25975 24770 25145 26954 24110 26855 22347 24924 25484 24738 
23454 26699 20862 29034 27567 24765 23382 21614 21495 29235 29155 23151 24815 25218 24707 26822 22339 26925 20734 25317 24190 26484 24113 24552 26706 24170 27328 26901 26103 20877 27677 24819 23680 28338 23862 29440 22319 24699 22529 19283 25731 25271 26289 24587 21333 23282 25729 27116 24161 26749 23728 24940 21578 22875 26753 24734 23756 26944 23822 25575 21921 23438 26340 23747 
26665 28763 23019 30400 29760 28668 24236 24241 24245 29056 29405 25144 26762 27596 25589 29630 22093 28500 23736 27327 24937 25745 25284 27185 27886 25517 27014 27083 26961 23507 32004 26101 28303 27892 28256 29504 24309 26528 23416 22373 28044 29419 26822 26577 23911 26417 27921 28876 25739 28269 27966 27822 24651 23822 27661 25739 24135 29427 24046 26573 22106 23800 27136 26761 
28296 28566 25096 31128 30126 27929 27150 24557 23274 32028 29926 26896 25816 27746 29751 29606 23462 31150 22378 26350 26109 26463 25611 26972 27240 27790 28508 29309 28409 22113 30697 28266 26917 29320 28385 30416 26403 27257 24138 22083 27085 27844 26909 25665 23845 26127 29546 30407 24348 29402 29200 28612 22756 24667 28337 28134 26879 30304 27475 28894 23090 25827 26745 27352 
23854 27622 22385 28577 27467 27210 23084 22899 23277 30116 29454 23337 24853 25617 24139 28848 24305 26208 20666 28184 23528 24618 23457 24599 28326 24131 27160 28890 25555 21588 26860 26564 24547 26677 24711 29566 21524 23787 23317 20433 24822 26689 26206 24774 22262 24880 26444 28998 25336 25891 26897 25575 20687 22198 27525 25064 25023 28519 24199 25247 23206 24254 26273 25865 
25885 27288 22867 29223 29681 28540 24995 24762 23820 29334 29988 26455 26652 29425 24675 30643 21714 27949 24227 26557 25212 27106 25143 27333 27714 27829 29592 27860 26338 23557 30678 28358 26916 29026 28591 28971 22801 25515 22886 22933 27016 29700 27962 25456 26780 25300 29125 29913 27105 27379 27179 28860 25308 25764 27613 27664 23876 29857 25897 28386 24238 25175 27911 26212 
27580 27824 26689 32530 30813 30252 24782 24697 24253 31639 28706 27666 29383 28159 28433 31884 22101 28526 26637 26981 28346 27881 24526 29444 27753 31665 28985 30092 29888 21461 30712 27665 28143 29837 27885 29063 24764 26230 23265 25386 26044 29254 29414 29410 26210 27191 28271 31440 28090 28569 26695 27484 23546 26009 27778 25552 24040 30227 26505 27955 26058 26972 28047 24663 
24716 31890 23582 32283 30867 29165 27310 27430 26291 32334 32988 27191 29287 28311 30091 31884 23285 31117 22113 28266 25729 26092 26830 27192 29324 29122 27903 28581 28415 21616 32906 27994 26135 29663 28977 33464 27402 26886 24053 24667 26659 28805 29858 27453 23093 27178 29331 30193 26984 28583 29492 28192 25725 25339 30175 25432 28653 31268 27285 29418 25788 25541 29782 25173 
27217 32049 23777 31954 31875 30495 27455 27674 24977 31665 33672 28209 28602 30227 30908 31031 22701 31227 24595 29926 25960 26908 27184 27941 27646 29830 27612 28983 30413 24123 32091 30474 27085 30151 28179 32216 26700 26072 26181 25085 28538 29466 29589 26804 24785 27074 30056 31199 27512 30567 29819 28241 25290 25231 28419 30025 26306 32444 27374 29315 24822 27747 28814 26036 
23402 28180 22174 27444 24703 25351 23972 23947 22589 26815 28703 23258 26284 26668 25472 28916 21309 27289 21592 25459 24929 24702 23652 23901 25219 25158 25778 27459 24772 20538 28166 26571 24568 27813 26495 25332 23215 24632 20316 21591 24693 23915 25952 23293 21317 21798 25292 27492 25895 23930 26442 24900 22933 22594 24611 24688 21976 28505 24917 25265 23352 20846 24522 23933 
26054 27902 25917 30342 31102 29262 26103 25310 24245 30768 29384 25245 27924 26192 28808 29890 24438 28699 22752 29099 26238 28308 24831 28373 28004 31132 29568 29791 29628 22330 30955 28613 27788 28852 27772 29016 24406 26506 25036 22968 27749 27805 27951 27128 24788 26412 29734 28858 27197 27780 27114 27589 21660 24458 26284 24542 24517 27876 25995 27076 24714 24912 27530 24035 
25561 27234 22649 30893 32203 28408 24379 27291 25336 30070 31463 27561 28226 26987 28270 28992 22693 28793 23313 27104 25738 25788 25512 27487 28051 28965 25821 29235 27430 22370 28747 28931 26482 27507 26137 30042 24983 24462 25345 23644 27337 28614 29610 27460 25797 25610 28421 32082 25772 29748 29914 26780 22835 25109 25598 27416 26815 28238 25827 29352 23957 23924 25833 25351 
22509 24453 20677 26227 29214 25803 22319 21977 21570 27024 27145 23280 25181 22714 23282 26261 21935 24071 20427 25841 23690 24418 23479 23898 26695 27501 27264 25585 25471 19650 28320 24315 23520 25357 25066 27096 20404 22511 22187 20401 25032 25758 25476 23491 22674 23953 27229 26571 25065 25800 24087 26722 20583 22288 25056 24464 23149 25907 23674 24925 22024 21916 24345 22851 
24722 29844 23373 28520 27530 26447 24214 25614 24151 30693 29837 25103 26377 25521 27154 28939 24596 28078 22555 26847 25739 25237 24945 25925 28335 27000 27540 27694 28309 21097 28594 27189 26771 27113 25222 29904 24040 25711 23691 21795 26854 27469 26217 26665 22980 24670 26301 28568 25069 27845 27819 27221 22540 23097 28656 24815 23370 28256 25440 27559 22267 23318 26242 23811 
25040 28441 23528 29622 29229 28164 25191 23223 23310 30026 28283 24038 26009 26550 27039 29665 20547 27961 22481 26799 25235 25521 24793 26840 27470 28990 28571 27227 27684 21086 30007 26991 26736 26611 26391 28650 24004 24950 23278 23438 26305 26392 28576 25428 24171 25435 28323 29549 26401 25069 24505 26550 22984 22596 28717 25841 23940 29186 25777 24421 23503 23765 25650 23506 
24447 26523 23191 30054 30772 27065 23856 24502 21493 29079 27818 24818 27316 27317 26714 30850 20066 28846 22348 25584 24498 25765 22696 25937 24803 29065 27112 27212 26439 21223 28840 25889 26854 27271 26837 29408 24008 24060 20282 23377 24390 25977 27747 26616 24896 25910 26370 29041 26050 27167 25681 25185 22717 23623 25627 25032 23143 27471 25924 27762 23688 22706 27278 24005 
26218 29378 21820 30615 30209 25828 24159 24706 24049 30420 29918 24808 25952 25690 25576 27331 22963 29376 23463 25790 24861 26516 26488 25618 26994 25759 28002 28409 27910 22188 30135 26175 24687 27496 27847 30188 23150 26366 23483 21690 28697 27929 27204 24793 24682 25765 27682 28830 25025 27435 24247 27420 22643 23158 26692 26788 23166 28175 23833 25961 22336 24852 26939 23650 
22795 27452 21775 26846 26196 25365 23018 21864 22155 27710 27756 22469 25123 23831 24248 25934 21111 25694 19974 23391 22805 25166 22175 21668 24292 24135 24103 26443 26013 20475 26814 25633 23903 24711 23185 26171 22010 23883 21856 20448 24295 25773 24476 23970 20220 23683 25050 25498 22090 24385 25435 24781 21684 21873 24730 21617 22979 27102 21663 25263 22950 23498 24109 22724 
27433 32141 23428 31562 31728 29442 27883 26293 27547 33346 32531 28790 29876 27592 29451 32401 25553 31873 25976 27600 28143 27108 27122 27628 27369 30845 29190 29790 30204 23724 32479 28464 27590 29385 30848 32133 26951 27238 23291 23418 29983 28483 28151 29782 26551 27395 29637 31462 27722 29993 30649 28233 24813 26003 30893 26509 24979 33011 28656 30768 24824 23671 29370 26862 
28683 30332 26370 32653 32447 29963 26003 26344 27512 33425 30569 27554 28721 31145 28113 31670 25959 30985 27135 30465 26873 27619 28254 29067 28050 27713 28494 29277 28959 23485 30798 28607 28130 30195 29149 29594 26780 28764 25902 23979 26772 30343 28156 28716 25352 26097 30451 32302 27309 29599 31525 29770 24980 24685 28845 26991 24998 29775 26238 29375 24422 28408 29028 25612 
26460 31164 25093 28002 29026 28385 26901 25691 26420 30321 31127 26990 28641 29152 27978 29030 24172 27736 24382 30234 26486 26671 26636 30509 29203 28302 28263 29275 28063 20216 31285 31813 27872 29344 28121 29512 24718 27099 24461 22221 26590 27446 27401 25843 25108 23968 29614 31090 25936 25793 27715 27250 22443 25840 27800 28597 22677 30469 27523 27401 23585 25467 28111 25801 
