42
  0  34  20  12      
  1  28  28  10      
  2  25  28  13      
  3  29  29   8      
  4  24  29  13      
  5  31  27   8      
  6  25  32   9      
  7  25  30  11      
  8  26  28  12      
  9  33  22  11      
 10  25  26  15      
 11  30  27   9      
 12  23  30  13      
 13  29  25  12      
 14  24  33   9      
 15  23  32  11      
 16  27  25  14      
 17  27  30   9      
 18  33  21  12      
 19  29  23  14      
 20  27  33   6      
 21  33  21  12      
 22  31  28   7      
 23  27  34   5      
 24  24  25  17      
 25  29  32   5      
 26  28  26  12      
 27  25  29  12      
 28  33  19  14      
 29  30  23  13      
 30  28  29   9      
 31  27  24  15      
 32  30  24  12      
 33  29  26  11      
 34  22  30  14      
 35  27  25  14      
 36  24  34   8      
 37  20  35  11      
 38  28  27  11      
 39  22  31  13      
 40  27  27  12      
 41  33  27   6   
   
0   2   1   2   2   1   0   0   0   0   0   0   0   0   0   0   2   0   1   0   0   1   0   0   0   0   0   0   0   0   0   0   0   0   0   0   0   0   0   0   0   0 
2   0   0   0   4   1   0   0   0   0   0   0   1   0   0   0   0   0   0   0   0   0   0   0   0   0   0   1   0   0   0   1   0   0   0   0   0   0   0   0   0   0 
1   0   0   2   2   1   0   1   0   0   0   1   0   1   0   0   0   0   2   1   0   0   0   0   0   0   0   0   0   0   0   0   1   0   0   0   0   0   0   0   0   0 
2   0   2   0   0   1   0   0   0   0   0   0   0   0   0   1   0   0   0   0   0   0   0   0   0   0   0   0   0   0   0   0   0   0   0   1   0   0   0   0   1   0 
2   4   2   0   0   1   0   0   0   0   0   1   0   1   0   0   0   0   0   0   0   1   0   0   1   0   0   0   0   0   0   0   0   0   0   0   0   0   0   0   0   0 
1   1   1   1   1   0   1   0   0   0   0   0   0   1   0   0   0   0   0   0   0   0   1   0   0   0   0   0   0   0   0   0   0   0   0   0   0   0   0   0   0   0 
0   0   0   0   0   1   0   0   1   2   1   2   1   0   0   0   0   0   0   0   0   0   0   0   1   0   0   0   0   0   0   0   0   0   0   0   0   0   0   0   0   0 
0   0   1   0   0   0   0   0   1   1   4   0   0   0   2   0   0   0   1   1   0   0   0   0   0   0   0   0   0   0   0   0   0   0   0   0   0   0   0   0   0   0 
0   0   0   0   0   0   1   1   0   1   2   3   0   0   1   1   0   0   0   0   0   0   0   0   1   0   0   0   0   0   0   0   0   0   0   0   0   1   0   0   0   0 
0   0   0   0   0   0   2   1   1   0   3   1   0   0   1   0   0   0   0   0   1   0   0   0   0   0   0   0   0   0   0   0   1   0   0   0   0   0   0   0   0   0 
0   0   0   0   0   0   1   4   2   3   0   0   1   0   0   1   0   0   0   0   0   1   0   0   0   0   0   0   0   0   0   0   0   0   1   0   0   0   0   0   0   1 
0   0   1   0   1   0   2   0   3   1   0   0   0   0   0   0   0   0   0   0   0   1   0   0   0   0   0   0   0   0   0   0   0   0   0   0   0   0   0   0   0   0 
0   1   0   0   0   0   1   0   0   0   1   0   0   0   1   0   3   2   0   1   0   0   0   0   0   0   0   0   0   0   0   0   0   0   1   0   0   0   0   1   1   0 
0   0   1   0   1   1   0   0   0   0   0   0   0   0   0   2   3   1   0   1   1   0   0   0   0   0   0   0   0   0   0   0   0   0   0   0   0   0   0   1   0   0 
0   0   0   0   0   0   0   2   1   1   0   0   1   0   0   1   0   1   0   0   0   0   0   0   0   0   0   0   0   0   0   0   0   0   0   0   0   1   0   1   0   0 
0   0   0   1   0   0   0   0   1   0   1   0   0   2   1   0   2   1   0   0   0   0   0   0   1   0   0   0   0   0   0   1   0   0   0   0   0   0   0   0   0   0 
2   0   0   0   0   0   0   0   0   0   0   0   3   3   0   2   0   3   0   1   0   0   0   0   0   0   0   0   0   0   0   0   0   0   0   0   0   0   0   0   0   0 
0   0   0   0   0   0   0   0   0   0   0   0   2   1   1   1   3   0   0   0   0   0   0   0   0   0   0   0   0   0   0   0   0   0   1   0   0   0   0   0   0   0 
1   0   2   0   0   0   0   1   0   0   0   0   0   0   0   0   0   0   0   3   1   2   1   0   0   0   0   0   0   0   0   0   0   0   0   0   0   0   1   0   0   0 
0   0   1   0   0   0   0   1   0   0   0   0   1   1   0   0   1   0   3   0   0   3   1   2   0   0   0   0   0   0   0   0   0   0   0   0   0   0   0   0   0   0 
0   0   0   0   0   0   0   0   0   1   0   0   0   1   0   0   0   0   1   0   0   1   2   0   0   0   0   0   0   0   0   0   0   0   0   0   0   0   0   0   0   0 
1   0   0   0   1   0   0   0   0   0   1   1   0   0   0   0   0   0   2   3   1   0   0   1   0   0   0   0   0   1   0   0   0   0   0   0   0   0   0   0   0   0 
0   0   0   0   0   1   0   0   0   0   0   0   0   0   0   0   0   0   1   1   2   0   0   0   0   0   0   0   0   0   0   1   0   1   0   0   0   0   0   0   0   0 
0   0   0   0   0   0   0   0   0   0   0   0   0   0   0   0   0   0   0   2   0   1   0   0   0   0   0   0   1   0   0   0   0   0   0   1   0   0   0   0   0   0 
0   0   0   0   1   0   1   0   1   0   0   0   0   0   0   1   0   0   0   0   0   0   0   0   0   1   5   1   0   1   1   2   0   0   0   1   0   1   0   0   0   0 
0   0   0   0   0   0   0   0   0   0   0   0   0   0   0   0   0   0   0   0   0   0   0   0   1   0   1   0   1   0   0   0   0   0   0   1   0   0   0   1   0   0 
0   0   0   0   0   0   0   0   0   0   0   0   0   0   0   0   0   0   0   0   0   0   0   0   5   1   0   1   2   1   0   0   0   0   0   0   1   0   0   0   1   0 
0   1   0   0   0   0   0   0   0   0   0   0   0   0   0   0   0   0   0   0   0   0   0   0   1   0   1   0   3   1   1   1   0   0   1   0   0   1   0   0   0   1 
0   0   0   0   0   0   0   0   0   0   0   0   0   0   0   0   0   0   0   0   0   0   0   1   0   1   2   3   0   4   0   0   0   0   0   0   0   1   1   1   0   0 
0   0   0   0   0   0   0   0   0   0   0   0   0   0   0   0   0   0   0   0   0   1   0   0   1   0   1   1   4   0   1   0   1   0   0   0   1   0   0   0   2   0 
0   0   0   0   0   0   0   0   0   0   0   0   0   0   0   0   0   0   0   0   0   0   0   0   1   0   0   1   0   1   0   2   0   3   0   0   0   1   0   0   0   0 
0   1   0   0   0   0   0   0   0   0   0   0   0   0   0   1   0   0   0   0   0   0   1   0   2   0   0   1   0   0   2   0   1   2   2   1   1   0   0   0   0   0 
0   0   1   0   0   0   0   0   0   1   0   0   0   0   0   0   0   0   0   0   0   0   0   0   0   0   0   0   0   1   0   1   0   1   2   3   0   0   0   2   0   0 
0   0   0   0   0   0   0   0   0   0   0   0   0   0   0   0   0   0   0   0   0   0   1   0   0   0   0   0   0   0   3   2   1   0   1   2   0   0   0   0   1   0 
0   0   0   0   0   0   0   0   0   0   1   0   1   0   0   0   0   1   0   0   0   0   0   0   0   0   0   1   0   0   0   2   2   1   0   2   0   1   1   0   1   0 
0   0   0   1   0   0   0   0   0   0   0   0   0   0   0   0   0   0   0   0   0   0   0   1   1   1   0   0   0   0   0   1   3   2   2   0   1   1   0   0   0   0 
0   0   0   0   0   0   0   0   0   0   0   0   0   0   0   0   0   0   0   0   0   0   0   0   0   0   1   0   0   1   0   1   0   0   0   1   0   1   1   0   0   2 
0   0   0   0   0   0   0   0   1   0   0   0   0   0   1   0   0   0   0   0   0   0   0   0   1   0   0   1   1   0   1   0   0   0   1   1   1   0   1   1   0   0 
0   0   0   0   0   0   0   0   0   0   0   0   0   0   0   0   0   0   1   0   0   0   0   0   0   0   0   0   1   0   0   0   0   0   1   0   1   1   0   2   2   2 
0   0   0   0   0   0   0   0   0   0   0   0   1   1   1   0   0   0   0   0   0   0   0   0   0   1   0   0   1   0   0   0   2   0   0   0   0   1   2   0   3   0 
0   0   0   1   0   0   0   0   0   0   0   0   1   0   0   0   0   0   0   0   0   0   0   0   0   0   1   0   0   2   0   0   0   1   1   0   0   0   2   3   0   0 
0   0   0   0   0   0   0   0   0   0   1   0   0   0   0   0   0   0   0   0   0   0   0   0   0   0   0   1   0   0   0   0   0   0   0   0   2   0   2   0   0   0 