60
0  33  20  17       
1  35  25  10       
2  26  29  15       
3  28  29  13       
4  27  31  12       
5  18  37  15       
6  32  32   6       
7  23  34  13       
8  30  28  12       
9  26  33  11       
10  38  19  13       
11  32  25  13       
12  27  31  12       
13  34  24  12       
14  25  33  12       
15  23  27  20       
16  31  25  14       
17  24  30  16       
18  28  29  13       
19  27  34   9       
20  37  25   8       
21  28  32  10       
22  37  23  10       
23  26  31  13       
24  28  30  12       
25  30  23  17       
26  26  33  11       
27  24  34  12       
28  28  28  14       
29  30  27  13       
30  29  32   9       
31  33  26  11       
32  30  30  10       
33  31  30   9       
34  21  30  19       
35  32  27  11       
36  28  33   9       
37  31  29  10       
38  29  26  15       
39  26  32  12       
40  26  33  11       
41  25  28  17       
42  28  28  14       
43  30  30  10       
44  30  25  15       
45  34  26  10       
46  24  33  13       
47  31  27  12       
48  27  29  14       
49  38  21  11       
50  27  30  13       
51  29  32   9       
52  33  30   7       
53  25  35  10       
54  31  26  13       
55  36  27   7       
56  28  33   9       
57  27  33  10       
58  29  27  14       
59  30  30  10       
0   3   2   1   2   3   0   1   0   0   0   0   1   0   0   0   0   0   1   0   1   0   0   0   0   0   0   1   0   0   0   0   0   0   0   0   0   0   0   0   0   0   0   0   0   0   0   0   0   0   0   0   1   0   0   0   0   0   0   0
3   0   2   2   2   0   0   0   0   0   0   0   0   0   0   0   0   1   0   0   0   0   0   0   0   0   0   0   0   0   0   0   0   0   0   0   0   0   0   0   0   0   0   0   0   0   0   0   0   0   0   0   0   0   0   0   0   0   0   0
2   2   0   2   2   1   0   0   1   0   0   0   0   1   0   0   1   0   0   0   0   1   0   0   0   0   0   0   0   1   0   0   0   1   0   0   0   0   0   0   0   0   0   0   0   0   0   0   0   0   0   0   0   0   0   0   0   0   0   0
1   2   2   0   1   4   1   0   1   0   0   0   0   0   0   0   0   0   0   0   0   0   0   0   0   0   0   0   0   0   0   0   0   0   0   0   0   0   0   0   0   0   0   0   0   0   0   0   1   0   0   0   0   0   0   0   0   0   0   0
2   2   2   1   0   3   0   0   0   0   0   0   1   0   0   0   0   0   1   0   0   0   0   0   0   0   0   0   0   0   0   0   0   0   0   0   0   0   0   0   0   0   0   0   0   0   0   0   0   0   0   0   0   0   0   0   0   0   0   0
3   0   1   4   3   0   0   0   0   0   0   1   0   0   0   0   0   0   0   0   0   0   1   1   0   0   0   0   1   0   0   0   0   0   0   0   0   0   0   0   0   0   0   0   0   0   0   0   0   0   0   0   0   0   0   0   0   0   0   0
0   0   0   1   0   0   0   2   0   1   1   0   0   0   0   0   0   0   0   0   0   0   0   0   0   0   0   0   0   0   0   0   0   0   0   1   0   0   0   0   0   0   0   0   0   0   0   0   0   0   0   0   0   0   0   0   0   0   0   0
1   0   0   0   0   0   2   0   0   0   2   4   0   0   0   0   0   0   0   1   0   0   0   0   0   0   0   0   0   0   0   0   0   0   0   0   0   0   1   0   0   0   0   0   0   0   0   0   1   0   0   0   0   1   0   0   0   0   0   0
0   0   1   1   0   0   0   0   0   3   2   1   0   0   0   0   0   1   0   0   0   0   0   0   0   0   0   0   0   0   0   0   1   1   0   0   0   0   0   0   0   0   0   0   0   0   1   0   0   0   0   0   0   0   0   0   0   0   0   0
0   0   0   0   0   0   1   0   3   0   2   3   0   0   0   0   0   0   0   0   0   0   1   0   0   0   0   0   1   0   0   0   0   0   0   0   0   0   0   0   0   0   0   0   0   0   0   0   0   0   0   0   0   0   0   0   0   0   0   0
0   0   0   0   0   0   1   2   2   2   0   1   0   0   0   0   0   1   1   0   1   0   0   0   1   0   0   0   0   0   0   0   0   0   0   1   0   0   0   0   0   0   0   0   0   0   0   0   0   0   0   0   0   0   0   0   0   0   0   0
0   0   0   0   0   1   0   4   1   3   1   0   0   0   0   1   0   0   1   0   0   0   0   0   0   0   0   0   0   0   0   0   0   0   0   0   0   0   0   0   1   0   0   0   0   0   0   0   0   0   0   0   0   0   0   0   0   0   0   0
1   0   0   0   1   0   0   0   0   0   0   0   0   1   0   3   1   1   1   0   0   1   0   0   1   0   0   0   0   0   0   0   0   0   0   0   0   0   0   0   0   0   0   0   0   0   0   1   0   0   0   0   0   0   0   0   0   0   0   0
0   0   1   0   0   0   0   0   0   0   0   0   1   0   1   1   2   3   0   0   0   0   0   1   0   0   0   2   0   0   0   0   0   0   0   0   0   0   0   0   0   0   0   0   0   0   0   0   0   0   0   0   0   0   0   0   0   0   0   0
0   0   0   0   0   0   0   0   0   0   0   0   0   1   0   4   3   1   0   0   1   0   0   0   0   0   0   1   0   0   1   0   0   0   0   0   0   0   0   0   0   0   0   0   0   0   0   0   0   0   0   0   0   0   0   0   0   0   0   0
0   0   0   0   0   0   0   0   0   0   0   1   3   1   4   0   2   2   0   0   0   0   1   2   1   1   0   0   1   0   0   1   0   0   0   0   0   0   0   0   0   0   0   0   0   0   0   0   0   0   0   0   0   0   0   0   0   0   0   0
0   0   1   0   0   0   0   0   0   0   0   0   1   2   3   2   0   1   0   0   0   0   1   0   0   1   0   0   0   0   0   0   0   0   0   0   0   0   0   0   0   0   0   0   0   0   1   0   0   0   0   0   0   0   0   0   0   0   1   0
0   1   0   0   0   0   0   0   1   0   1   0   1   3   1   2   1   0   0   0   0   0   0   1   0   0   0   0   1   2   0   0   0   0   0   0   0   0   1   0   0   0   0   0   0   0   0   0   0   0   0   0   0   0   0   0   0   0   0   0
1   0   0   0   1   0   0   0   0   0   1   1   1   0   0   0   0   0   0   3   0   1   0   2   1   0   0   0   0   0   0   0   0   0   0   0   0   0   0   0   0   0   0   0   0   0   0   0   0   0   1   0   0   0   0   0   0   0   0   0
0   0   0   0   0   0   0   1   0   0   0   0   0   0   0   0   0   0   3   0   0   2   1   0   0   0   1   0   0   0   0   0   0   0   0   0   0   0   0   1   0   0   0   0   0   0   0   0   0   0   0   0   0   0   0   0   0   0   0   0
1   0   0   0   0   0   0   0   0   0   1   0   0   0   1   0   0   0   0   0   0   2   2   0   0   0   0   0   0   0   0   0   0   0   0   0   0   0   0   0   0   0   0   0   0   0   0   0   0   0   0   0   0   0   0   0   0   0   0   1
0   0   1   0   0   0   0   0   0   0   0   0   1   0   0   0   0   0   1   2   2   0   2   0   0   0   0   1   0   0   0   0   0   0   0   0   0   0   0   0   0   0   0   0   0   0   0   0   0   0   0   0   0   0   0   0   0   0   0   0
0   0   0   0   0   1   0   0   0   1   0   0   0   0   0   1   1   0   0   1   2   2   0   1   0   0   0   0   0   0   0   0   0   0   0   0   0   0   0   0   0   0   0   0   0   0   0   0   0   0   0   0   0   0   0   0   0   0   0   0
0   0   0   0   0   1   0   0   0   0   0   0   0   1   0   2   0   1   2   0   0   0   1   0   0   1   1   0   0   0   0   0   0   0   0   0   0   0   0   0   0   0   0   1   0   0   0   0   1   0   0   0   0   1   0   0   0   0   0   0
0   0   0   0   0   0   0   0   0   0   1   0   1   0   0   1   0   0   1   0   0   0   0   0   0   2   3   0   2   0   0   0   0   0   0   0   0   0   0   0   0   0   0   0   0   0   0   0   0   1   0   0   0   0   0   0   0   0   0   0
0   0   0   0   0   0   0   0   0   0   0   0   0   0   0   1   1   0   0   0   0   0   0   1   2   0   0   2   5   3   0   0   0   0   1   0   0   0   0   0   0   0   0   0   0   0   0   0   0   1   0   0   0   0   0   0   0   0   0   0
0   0   0   0   0   0   0   0   0   0   0   0   0   0   0   0   0   0   0   1   0   0   0   1   3   0   0   3   1   1   0   0   0   0   0   0   0   0   0   0   0   0   0   0   0   0   0   0   0   0   0   0   0   0   0   0   0   0   0   1
1   0   0   0   0   0   0   0   0   0   0   0   0   2   1   0   0   0   0   0   0   1   0   0   0   2   3   0   0   2   0   0   0   0   0   0   0   0   0   0   0   0   0   0   0   0   0   0   0   0   0   0   0   0   0   0   0   0   0   0
0   0   0   0   0   1   0   0   0   1   0   0   0   0   0   1   0   1   0   0   0   0   0   0   2   5   1   0   0   0   0   0   0   0   0   1   1   0   0   0   0   0   0   0   0   0   0   0   0   0   0   0   0   0   0   0   0   0   0   0
0   0   1   0   0   0   0   0   0   0   0   0   0   0   0   0   0   2   0   0   0   0   0   0   0   3   1   2   0   0   0   0   0   0   0   0   0   0   1   0   0   1   0   0   0   0   1   0   0   0   0   1   0   0   0   0   0   0   0   0
0   0   0   0   0   0   0   0   0   0   0   0   0   0   1   0   0   0   0   0   0   0   0   0   0   0   0   0   0   0   0   0   0   2   1   0   0   0   1   0   0   0   0   0   0   0   1   0   1   0   0   0   0   1   0   0   1   0   0   0
0   0   0   0   0   0   0   0   0   0   0   0   0   0   0   1   0   0   0   0   0   0   0   0   0   0   0   0   0   0   0   0   2   0   4   1   1   0   0   0   0   0   0   0   1   0   0   0   0   0   0   0   0   0   0   0   0   1   0   0
0   0   0   0   0   0   0   0   1   0   0   0   0   0   0   0   0   0   0   0   0   0   0   0   0   0   0   0   0   0   0   2   0   1   2   0   0   1   1   0   0   1   0   0   0   0   0   0   0   1   0   0   0   0   0   0   0   0   0   0
0   0   1   0   0   0   0   0   1   0   0   0   0   0   0   0   0   0   0   0   0   0   0   0   0   0   0   0   0   0   2   0   1   0   1   1   0   0   0   0   0   0   0   0   0   0   0   0   2   0   0   0   0   0   0   0   0   0   0   0
0   0   0   0   0   0   0   0   0   0   0   0   0   0   0   0   0   0   0   0   0   0   0   0   0   1   0   0   0   0   1   4   2   1   0   3   1   0   1   1   0   0   0   0   0   0   0   1   0   0   1   1   0   0   0   0   0   0   0   1
0   0   0   0   0   0   1   0   0   0   1   0   0   0   0   0   0   0   0   0   0   0   0   0   0   0   0   0   1   0   0   1   0   1   3   0   0   0   0   0   0   1   1   0   0   0   0   0   0   0   0   0   0   0   0   0   0   0   0   1
0   0   0   0   0   0   0   0   0   0   0   0   0   0   0   0   0   0   0   0   0   0   0   0   0   0   0   0   1   0   0   1   0   0   1   0   0   2   0   0   0   1   0   0   0   1   0   0   0   0   1   0   0   0   1   0   0   0   0   0
0   0   0   0   0   0   0   0   0   0   0   0   0   0   0   0   0   0   0   0   0   0   0   0   0   0   0   0   0   0   0   0   1   0   0   0   2   0   1   2   1   1   0   0   0   1   0   0   1   0   0   0   0   0   0   0   0   0   0   0
0   0   0   0   0   0   0   1   0   0   0   0   0   0   0   0   0   1   0   0   0   0   0   0   0   0   0   0   0   1   1   0   1   0   1   0   0   1   0   0   1   6   0   0   0   0   0   0   0   0   0   0   0   1   0   0   0   0   0   0
0   0   0   0   0   0   0   0   0   0   0   0   0   0   0   0   0   0   0   1   0   0   0   0   0   0   0   0   0   0   0   0   0   0   1   0   0   2   0   0   2   1   0   0   2   0   0   0   1   0   0   0   0   0   0   0   0   0   1   1
0   0   0   0   0   0   0   0   0   0   0   1   0   0   0   0   0   0   0   0   0   0   0   0   0   0   0   0   0   0   0   0   0   0   0   0   0   1   1   2   0   4   0   0   0   0   0   0   0   1   0   0   0   0   0   0   0   1   0   0
0   0   0   0   0   0   0   0   0   0   0   0   0   0   0   0   0   0   0   0   0   0   0   0   0   0   0   0   0   1   0   0   1   0   0   1   1   1   6   1   4   0   0   0   0   0   0   0   0   0   0   0   0   0   1   0   0   0   0   0
0   0   0   0   0   0   0   0   0   0   0   0   0   0   0   0   0   0   0   0   0   0   0   0   0   0   0   0   0   0   0   0   0   0   0   1   0   0   0   0   0   0   0   2   4   1   0   5   0   0   0   0   0   0   1   0   0   0   0   0
0   0   0   0   0   0   0   0   0   0   0   0   0   0   0   0   0   0   0   0   0   0   0   1   0   0   0   0   0   0   0   0   0   0   0   0   0   0   0   0   0   0   2   0   0   2   3   0   0   1   1   0   0   0   0   0   0   0   0   0
0   0   0   0   0   0   0   0   0   0   0   0   0   0   0   0   0   0   0   0   0   0   0   0   0   0   0   0   0   0   0   1   0   0   0   0   0   0   0   2   0   0   4   0   0   1   1   2   1   0   0   0   2   0   1   0   0   0   0   0
0   0   0   0   0   0   0   0   0   0   0   0   0   0   0   0   0   0   0   0   0   0   0   0   0   0   0   0   0   0   0   0   0   0   0   0   1   1   0   0   0   0   1   2   1   0   3   0   0   1   0   0   0   0   0   0   0   0   0   0
0   0   0   0   0   0   0   0   1   0   0   0   0   0   0   0   1   0   0   0   0   0   0   0   0   0   0   0   0   1   1   0   0   0   0   0   0   0   0   0   0   0   0   3   1   3   0   0   0   0   1   0   0   1   0   0   0   0   0   0
0   0   0   0   0   0   0   0   0   0   0   0   1   0   0   0   0   0   0   0   0   0   0   0   0   0   0   0   0   0   0   0   0   0   1   0   0   0   0   0   0   0   5   0   2   0   0   0   0   0   1   0   0   0   1   0   0   1   0   0
0   0   0   1   0   0   0   1   0   0   0   0   0   0   0   0   0   0   0   0   0   0   0   1   0   0   0   0   0   0   1   0   0   2   0   0   0   1   0   1   0   0   0   0   1   0   0   0   0   1   0   3   0   1   0   0   0   0   0   0
0   0   0   0   0   0   0   0   0   0   0   0   0   0   0   0   0   0   0   0   0   0   0   0   1   1   0   0   0   0   0   0   1   0   0   0   0   0   0   0   1   0   0   1   0   1   0   0   1   0   1   1   1   1   0   0   0   0   0   0
0   0   0   0   0   0   0   0   0   0   0   0   0   0   0   0   0   0   1   0   0   0   0   0   0   0   0   0   0   0   0   0   0   0   1   0   1   0   0   0   0   0   0   1   0   0   1   1   0   1   0   2   2   1   0   0   1   0   0   0
0   0   0   0   0   0   0   0   0   0   0   0   0   0   0   0   0   0   0   0   0   0   0   0   0   0   0   0   0   1   0   0   0   0   1   0   0   0   0   0   0   0   0   0   0   0   0   0   3   1   2   0   0   1   0   0   0   0   0   0
1   0   0   0   0   0   0   0   0   0   0   0   0   0   0   0   0   0   0   0   0   0   0   0   0   0   0   0   0   0   0   0   0   0   0   0   0   0   0   0   0   0   0   0   2   0   0   0   0   1   2   0   0   1   0   0   0   0   0   0
0   0   0   0   0   0   0   1   0   0   0   0   0   0   0   0   0   0   0   0   0   0   0   1   0   0   0   0   0   0   1   0   0   0   0   0   0   0   1   0   0   0   0   0   0   0   1   0   1   1   1   1   1   0   0   0   0   0   0   0
0   0   0   0   0   0   0   0   0   0   0   0   0   0   0   0   0   0   0   0   0   0   0   0   0   0   0   0   0   0   0   0   0   0   0   0   1   0   0   0   0   1   1   0   1   0   0   1   0   0   0   0   0   0   0   2   1   0   4   1
0   0   0   0   0   0   0   0   0   0   0   0   0   0   0   0   0   0   0   0   0   0   0   0   0   0   0   0   0   0   0   0   0   0   0   0   0   0   0   0   0   0   0   0   0   0   0   0   0   0   0   0   0   0   2   0   2   0   3   0
0   0   0   0   0   0   0   0   0   0   0   0   0   0   0   0   0   0   0   0   0   0   0   0   0   0   0   0   0   0   1   0   0   0   0   0   0   0   0   0   0   0   0   0   0   0   0   0   0   0   1   0   0   0   1   2   0   2   2   0
0   0   0   0   0   0   0   0   0   0   0   0   0   0   0   0   0   0   0   0   0   0   0   0   0   0   0   0   0   0   0   1   0   0   0   0   0   0   0   0   1   0   0   0   0   0   0   1   0   0   0   0   0   0   0   0   2   0   2   3
0   0   0   0   0   0   0   0   0   0   0   0   0   0   0   0   1   0   0   0   0   0   0   0   0   0   0   0   0   0   0   0   0   0   0   0   0   0   0   1   0   0   0   0   0   0   0   0   0   0   0   0   0   0   4   3   2   2   0   1
0   0   0   0   0   0   0   0   0   0   0   0   0   0   0   0   0   0   0   0   1   0   0   0   0   0   1   0   0   0   0   0   0   0   1   1   0   0   0   1   0   0   0   0   0   0   0   0   0   0   0   0   0   0   1   0   0   3   1   0